id	 artist	 title	 date	 materials	 address	 description	 type	 url1	 url2	 loc_lat	, loc_long
ID_00001	 Greg Duncan	 Bust of Cecil Voss	 1998	 Stone	 Soundy Park	 Stone Sculpture	 Art	 http://hccapps.hobartcity.com.au/gis/PublicArt/image44.jpeg	 	 -42.87274312254961	 147.3194931771939
ID_00002	 Julie Stoneman (Community Facilitator)	 Community Paving Project	 1994	 Pavers	 Elizabeth Street and side streets, North Hobart	 <Null>	 Art	 http://hccapps.hobartcity.com.au/gis/PublicArt/IMG_0003.JPG	 	 -42.87335406456058	 147.3155023364818
ID_00003	 Gerhardt Mauz/Kieran Bradley	 Lightpoles	 2005	 Steel	 Elizabeth Street	 Lightpoles and Photography	 Art	 http://hccapps.hobartcity.com.au/gis/PublicArt/image47.jpeg	 	 -42.87248026228411	 147.3146246779994
ID_00004	 Peter Gouldthorpe	 Tony Haigh Walk	 2000	 <Null>	 <Null>	 2 Trompe l'oeil murals	 Art	 http://hccapps.hobartcity.com.au/gis/PublicArt/image48.jpeg	 	 -42.87390719414243	 147.3160684555258
ID_00005	 Gehard Mausz	 Cultural Bollard	 2000	 Steel	 Elizabeth Street	 Patterened Steel Cylinder	 Art	 http://hccapps.hobartcity.com.au/gis/PublicArt/image49.jpeg	 	 -42.87367152314735	 147.3159246123297
ID_00006	 Peter Battaglene	 Art Pavers	 2005	 pavers	 Elizabeth Street	 Sandblasted decorative pavers	 Art	 http://hccapps.hobartcity.com.au/gis/PublicArt/IMG_0003.JPG	 	 -42.87364565236186	 147.3158682993458
ID_00007	 Sharyn Woods	 Fences	 2005	 Stainless Steel	 <Null>	 Sections of open patterned stainless steel fencing	 Art	 http://hccapps.hobartcity.com.au/gis/PublicArt/image51.jpeg	 	 -42.8727237856192	 147.314837027175
ID_00008	 Sharyn Woods	 Tree Guards	 2005	 stainless steel	 Elizabeth Street	 welded stainless strip boxes	 <Null>	 http://hccapps.hobartcity.com.au/gis/PublicArt/image50.jpeg	 	 -42.87303057453714	 147.3151984679925
ID_00009	 Roland Gabatel	 Tree Sculpture	 2000	 Timber	 Friends Park, Mellifont Street.	 Chainsaw sculpture	 <Null>	 http://hccapps.hobartcity.com.au/gis/PublicArt/image52.jpeg	 	 -42.87672267866007	 147.3084070417308
ID_00010	 Peter Taylor	 Archway	 1988	 Timber	 Hunter Street, Universtiy of Tasmania Art School	 <Null>	 <Null>	 http://hccapps.hobartcity.com.au/gis/PublicArt/IMG_0066.JPG	 http://hccapps.hobartcity.com.au/gis/PublicArt/IMG_0067.JPG	 -42.88144240159926	 147.3363089134809
ID_00011	 Stephen Walker	 The Bernacchi Tribute: Self Portrait, Lous and Joe	 1988	 Bronze	 Victoria Dock	 Bronze sculpture	 <Null>	 http://hccapps.hobartcity.com.au/gis/PublicArt/IMG_0063.jpg	 http://hccapps.hobartcity.com.au/gis/PublicArt/IMG_0064.jpg	 -42.88225238834132	 147.3351723782548
ID_00012	 David Hurst	 Troyseas	 2004	 Bronze	 Mures Fish Centre, waterfront	 Bronze seahorse	 <Null>	 http://hccapps.hobartcity.com.au/gis/PublicArt/IMG_0078.JPG	 	 -42.88228652932703	 147.3337098270266
ID_00013	 Iam Makay	 Bright Prospect	 1979	 Steel, Paint	 TMAG, 40 Macquarie Street	 Orange painted constructavist steel sculpture	 <Null>	 http://hccapps.hobartcity.com.au/gis/PublicArt/IMG_0071.jpg	 	 -42.88163573405019	 147.3319416460867
ID_00014	 John Arnold	 Mural, Kent & Kent Antiques	 1998	 Paint	 On the wall of Kent and Kent Antiques	 Painted Mural	 Public Art	 http://hccapps.hobartcity.com.au/gis/PublicArt/image34.jpeg	 	 -42.88295423519235	 147.3321544209718
ID_00015	 Stephen Walker	 Tidal Pools	 1970	 Bronze	 Long Beach, Sandy Bay	 Bronze sculpture	 <Null>	 http://hccapps.hobartcity.com.au/gis/PublicArt/IMG_0059.jpg	 http://hccapps.hobartcity.com.au/gis/PublicArt/IMG_0057.jpg	 -42.91233705658434	 147.3564900053166
ID_00016	 Stephen Walker	 Tasman Monument	 1988	 Concrete, Steel, Bronze	 Salamanca Place	 Concrete forms incorporating bronze sculptures	 <Null>	 http://hccapps.hobartcity.com.au/gis/PublicArt/image33.jpeg	 	 -42.88633421925687	 147.3315717073784
ID_00017	 Stephen Walker	 Journey to Southland	 1979	 Bronze, concrete	 Salamanca Square	 circular fountain with bronze sculptures	 Public Art	 http://hccapps.hobartcity.com.au/gis/PublicArt/image40.jpeg	 	 -42.88736773052766	 147.3327916626435
ID_00018	 Peter Wilson	 Wave	 1998	 Aluminium, Steel	 Salamanca Square	 sculpture in painted steel and aluminium	 <Null>	 http://hccapps.hobartcity.com.au/gis/PublicArt/IMG_0087.JPG	 	 -42.88746172408802	 147.3323408045803
ID_00019	 Keizo Ushio	 Gift from the Earth	 2001	 Granite, timber	 A J White Park, Battery Poing	 Granite sculpture	 <Null>	 http://hccapps.hobartcity.com.au/gis/PublicArt/image41.jpeg	 	 -42.88919132741535	 147.3380769568636
ID_00020	 Joe Burgden, Bernard Lloyd, Sound Connections	 Victoria Cross Memorial	 2003	 Rammed earth, glass	 Cenotaph, Hobart	 Rammed Earth and glass monument	 <Null>	 http://hccapps.hobartcity.com.au/gis/PublicArt/image38.jpeg	 	 -42.87752379007447	 147.3358211670198
ID_00021	 Penny Smith, Mialn Milojevic, John Smith	 Wapping History Wall	 1998	 Concrete, Brick	 Collins Street, Brooker Highway	 <Null>	 Public Art	 http://hccapps.hobartcity.com.au/gis/PublicArt/image23.jpeg	 	 -42.87880638531607	 147.3330361623906
ID_00022	 Geoff Parr, Vere Cooper, Rod Cuthbert	 Railway Roundabout Fountain	 1963	 Concrete	 Brooker Highway	 Fountain	 <Null>	 http://hccapps.hobartcity.com.au/gis/PublicArt/image22.jpeg	 	 -42.87804479832364	 147.3310259988671
ID_00023	 Christopher Beecroft	 Minute Man	 1986	 Steel	 TAS HQ Campbell and Melville Street	 Welded mild steel sculpture	 <Null>	 http://hccapps.hobartcity.com.au/gis/PublicArt/IMG_00101.JPG	 	 -42.87745030943859	 147.3270983445999
ID_00024	 Glen Clake	 Brick	 1998	 Metal	 Hobart Remand Centre, 23 - 25 Liverpool Street.	 <Null>	 <Null>	 http://hccapps.hobartcity.com.au/gis/PublicArt/Brick (2).jpg	 	 -42.87920100858153	 147.3293673193911
ID_00025	 Hobart City Council	 Hobart Rivulet Interpretaions	 1998	 Steel	 Argyle Street	 Two rectangular steel panels	 Art	 http://hccapps.hobartcity.com.au/gis/PublicArt/image16.jpeg	 	 -42.88059520851069	 147.3289802997716
ID_00026	 Tom Samek	 Inspiration	 1990	 	 25 Argyle Street.	 Sculpture on column	 <Null>	 http://hccapps.hobartcity.com.au/gis/PublicArt/IMG_0095.JPG	 	 -42.88150582068632	 147.3304819582173
ID_00027	 Irene Bryant	 Duality	 1991	 Concrete, Steel	 70 Collins Street	 Ferro-cement sculpture	 <Null>	 http://hccapps.hobartcity.com.au/gis/PublicArt/IMG_0093.JPG	 	 -42.88147913529032	 147.3298208822417
ID_00028	 Sharyn Woods	 Tree Guards	 1999	 stainless steel	 Commonwealth Bank corner Elizabeth Street	 <Null>	 <Null>	 http://hccapps.hobartcity.com.au/gis/PublicArt/image20.jpeg	 	 -42.88115911197071	 147.3270346495125
ID_00029	 Wayne Hudson, Helene Czerny	 City Women	 1998	 steel	 Elizabeth Lane, Cat and Fiddle aracde.	 steel wall mounted sculpture	 <Null>	 http://hccapps.hobartcity.com.au/gis/PublicArt/image17.jpeg	 	 -42.88169678927518	 147.3274553077553
ID_00030	 Wayne Hudson	 Seats with leaning Posts	 1998	 stainless steel	 Elizabeth Lane, Cat and Fiddle arcade	 -	 Public Art	 http://hccapps.hobartcity.com.au/gis/PublicArt/image18.jpeg	 	 -42.88189015612827	 147.3273251152857
ID_00031	 Julie Stoneman	 Paving Design	 1998	 Brick Pavers	 Ctriterion Street	 Brick paving	 <Null>	 http://hccapps.hobartcity.com.au/gis/PublicArt/image19.jpeg	 	 -42.88144383573657	 147.3259231328377
ID_00032	 Pavement Art	 Chantale Delrue	 1990	 <Null>	 Mathers Lane	 <Null>	 <Null>	 http://hccapps.hobartcity.com.au/gis/PublicArt/image21.jpeg	 	 -42.88171834840235	 147.3255966083427
ID_00033	 Ian Chalmers, Lindsay Garity	 Hobart Rivulet Interpretations	 1995	 steel, concrete	 Murray Street, Centrepoint pedestrian crossing	 Curved steel strips in pavement	 <Null>	 http://hccapps.hobartcity.com.au/gis/PublicArt/image2.jpeg	 	 -42.88304621457425	 147.3264901811633
ID_00034	 Allan Mansell	 Reaching Out	 2004	 	 188 Collins Street	 Sculpture and Mural	 Sculpture and Mural	 http://hccapps.hobartcity.com.au/gis/PublicArt/20141203_162834.jpg	 	 -42.88689928836643	 147.3226325717425
ID_00035	 George Davis	 Tile	 1964	 Tiles	 UTAS Conservatorium of Music	 Tile wall mosaic on building	 <Null>	 http://hccapps.hobartcity.com.au/gis/PublicArt/IMG_0088.JPG	 	 -42.8867781254838	 147.3281256124001
ID_00036	 Paul Zika	 Paving design	 1996	 bricks	 Elizabeth Street Mall	 Symmetrical design in coloured bricks	 <Null>	 http://hccapps.hobartcity.com.au/gis/PublicArt/image1.jpeg	 	 -42.88145650565588	 147.3274687398049
ID_00037	 Ian Chalmers, Lindsay Garity	 Hobart Rivulet Interpretations	 <Null>	 steel, concrete	 Murray Street, Centrepoint pedestrian crossing	 Curved steel strips in pavement	 <Null>	 http://hccapps.hobartcity.com.au/gis/PublicArt/image2.jpeg	 	 -42.8829687543799	 147.3265787689805
ID_00038	 Milan Milojevic, Lindsay Garity, Ian Chalmers	 Hobart Rivulet Interpretations	 1996	 steel, concrete	 Elizabeth Street Mall	 <Null>	 <Null>	 http://hccapps.hobartcity.com.au/gis/PublicArt/image14.jpeg	 	 -42.88148995374108	 147.3276699246547
ID_00039	 Patrick Wall	 Fish out of water	 1996	 Aluminium	 Elizabeth Street Mall	 Aluminum fish drinking fountain	 <Null>	 http://hccapps.hobartcity.com.au/gis/PublicArt/image4.jpeg	 	 -42.88197809056592	 147.328554446623
ID_00040	 Patrick Hall	 Thompson the Dog	 1996	 Timber	 Elizabeth Street Mall	 Timber dog	 <Null>	 http://hccapps.hobartcity.com.au/gis/PublicArt/image5.jpeg	 	 -42.88191256512047	 147.3284089597482
ID_00041	 Patrick Hall	 Maurice the Pig	 1996	 Hebel block, paint	 Elizabeth Street Mall	 Moulded hebel block, painted white pig sculpture	 <Null>	 http://hccapps.hobartcity.com.au/gis/PublicArt/image6.jpeg	 	 -42.88194232514448	 147.328481046179
ID_00042	 Patrick Hall	 Street Signs - Wellington Walk	 1996	 steel, ceramic tiles	 Elizabeth Street Mall	 Wellington Walk - Wellington Crt	 <Null>	 http://hccapps.hobartcity.com.au/gis/PublicArt/IMG_0098.JPG	 	 -42.88152230341176	 147.3277721519491
ID_00043	 Patrick Hall	 Street Signs - Purdys Mart	 1996	 steel	 Collins Street	 Purdys Mart	 <Null>	 http://hccapps.hobartcity.com.au/gis/PublicArt/IMG_0092.JPG	 	 -42.88177689026765	 147.329142350624
ID_00044	 Patrick Hall	 Street Signs - Kemp Street	 1996	 steel	 Collins Street	 Kemp Street	 <Null>	 http://hccapps.hobartcity.com.au/gis/PublicArt/IMG_0091.JPG	 	 -42.8815183267847	 147.3294772712727
ID_00045	 Patrick Hall	 Street Signs	 1996	 steel	 Argyle Street	 	 <Null>	 http://hccapps.hobartcity.com.au/gis/PublicArt/IMG_0094.JPG	 	 -42.88088629675933	 147.3293200995748
ID_00046	 Patrick Hall	 Street Signs - Bank Arcade	 1996	 steel	 Liverpool Street	 	 <Null>	 http://hccapps.hobartcity.com.au/gis/PublicArt/IMG_0097.JPG	 	 -42.88091635935886	 147.3276753763854
ID_00047	 Patrick Hall	 Street Signs	 1996	 steel, ceramic tiles	 Elizabeth Street Mall	 Bank Arcade	 Public Art	 http://hccapps.hobartcity.com.au/gis/PublicArt/image8.jpeg	 	 -42.88136247464536	 147.3274230200142
ID_00048	 Patrick Hall	 Street Signs - Soundys Lane	 1996	 steel	 Elizabeth Street Mall	 	 <Null>	 http://hccapps.hobartcity.com.au/gis/PublicArt/IMG_0099.JPG	 	 -42.88160303880302	 147.3279462012967
ID_00049	 Patrick Hall	 Granite Stories	 1996	 Granite	 Elizabeth Street Mall	 Engravings to granite blocks in seating	 <Null>	 http://hccapps.hobartcity.com.au/gis/PublicArt/image9.jpeg	 	 -42.88185243992315	 147.3283055654023
ID_00050	 Carol Rodwell	 police box mural	 1998	 paint	 Elizabeth Street Mall	 painted mural	 <Null>	 http://hccapps.hobartcity.com.au/gis/PublicArt/image11.jpeg	 	 -42.88182008402902	 147.3283718119425
ID_00051	 Sharyn Woods	 Wind Shields	 1996	 stainless steel	 Elizabeth Street Mall	 Curved, woven stainless steel screens	 <Null>	 http://hccapps.hobartcity.com.au/gis/PublicArt/image10.jpeg	 	 -42.88203348754708	 147.3287325724506
ID_00052	 Paul Zika	 Paving design	 1996	 brick pavers	 Wellington Court	 Symmetrical design in coloured bricks	 <Null>	 http://hccapps.hobartcity.com.au/gis/PublicArt/image12.jpeg	 	 -42.88128414472624	 147.3283171312989
ID_00053	 Hobart City Council	 Terrazo star	 1998	 tiles, steel	 Wellington Court	 Terrazo and Bronze strips in paving	 <Null>	 http://hccapps.hobartcity.com.au/gis/PublicArt/image12.jpeg	 	 -42.88129830099867	 147.3283658047948
ID_00054	 Ken Betlehem	 Jo & Edie	 2010	 Aluminium	 Tasma Street	 Lazer cut aluminium, human silhouette	 Bike Rack	 http://hccapps.hobartcity.com.au/gis/PublicArt/IMG_0006.JPG	 	 -42.87511021703933	 147.3194192140392
ID_00055	 Ken Betlehem	 Fred	 2010	 Aluminium	 Tasma Street	 Lazer cut aluminium, human silhouette	 Bike Rack	 http://hccapps.hobartcity.com.au/gis/PublicArt/IMG_0006.JPG	 	 -42.87506098797548	 147.3195518198034
ID_00056	 Ken Betlehem	 Bazza	 2010	 Aluminium	 Elizabeth St, between Brisbane & Mellville St	 Lazer cut aluminium, human silhouette	 Bike Rack	 http://hccapps.hobartcity.com.au/gis/PublicArt/IMG_0100.JPG	 	 -42.87988128585182	 147.3238333137203
ID_00057	 Ken Betlehem	 Dazza	 2010	 Aluminium	 Elizabeth St, between Brisbane & Mellville St	 Lazer cut aluminium, human silhouette	 Bike Rack	 http://hccapps.hobartcity.com.au/gis/PublicArt/IMG_0100.JPG	 	 -42.87991396745193	 147.3239034639348
ID_00058	 Ken Betlehem	 Gazza	 2010	 Aluminium	 Elizabeth St, between Brisbane & Mellville St	 Lazer cut aluminium, human silhouette	 Bike Rack	 http://hccapps.hobartcity.com.au/gis/PublicArt/IMG_0100.JPG	 	 -42.87994807167483	 147.3239765371663
ID_00059	 Ken Betlehem	 Ez	 2010	 Aluminium	 Golburn & Molle Street	 Lazer cut aluminium, human silhouette	 Bike Rack	 http://hccapps.hobartcity.com.au/gis/PublicArt/IMG_0061.JPG	 	 -42.88644522408968	 147.3199383851654
ID_00060	 Ken Betlehem	 Fred	 2010	 Aluminium	 Hunter St	 Lazer cut aluminium, human silhouette	 Bike Rack	 http://hccapps.hobartcity.com.au/gis/PublicArt/IMG_0077.JPG	 	 -42.88121919675631	 147.334929704462
ID_00061	 Ken Betlehem	 Fred	 2010	 Aluminium	 Salamanca Square	 Lazer cut aluminium, human silhouette	 Bike Rack	 http://hccapps.hobartcity.com.au/gis/PublicArt/IMG_0080.JPG	 	 -42.88686006898552	 147.3322279845156
ID_00062	 Ken Betlehem	 Mac	 2010	 Aluminium	 Salamanca Square	 Lazer cut aluminium, human silhouette	 Bike Rack	 http://hccapps.hobartcity.com.au/gis/PublicArt/IMG_0081.JPG	 	 -42.88692748680722	 147.3322041024404
ID_00063	 Ken Betlehem	 Charlie	 2010	 Aluminium	 Salamanca Square	 Lazer cut aluminium, human silhouette	 Bike Rack	 http://hccapps.hobartcity.com.au/gis/PublicArt/IMG_0081.JPG	 	 -42.88700883322519	 147.3321587453241
ID_00064	 Ken Betlehem	 Jo & Edie	 2010	 Aluminium	 Salamanca Square	 Lazer cut aluminium, human silhouette	 Bike Rack	 http://hccapps.hobartcity.com.au/gis/PublicArt/IMG_0083.JPG	 	 -42.88723118331279	 147.3331609148761
ID_00065	 Ken Betlehem	 Charlie Kik & Rose	 2010	 Aluminium	 Salamanca Square	 Lazer cut aluminium, human silhouette	 Bike Rack	 http://hccapps.hobartcity.com.au/gis/PublicArt/IMG_0084.JPG	 	 -42.887231111653	 147.3331855393384
ID_00066	 Ken Betlehem	 Ruby	 2010	 Aluminium	 Salamanca Square	 Lazer cut aluminium, human silhouette	 Bike Rack	 http://hccapps.hobartcity.com.au/gis/PublicArt/IMG_0061.jpg	 	 -42.88724220193141	 147.3331736760321
ID_00067	 Futago, Judith Abell, Chris Viney	 1883	 2010	 Stone, steel	 Salamanca Palce	 Steel cages with stone chips	 Battery Point Trail	 http://www.hobartcity.com.au/files/f1b57999-88ac-4041-98fa-9dd800d3c1f6/1833_073.jpg	 	 -42.88663918579913	 147.3346451741691
ID_00068	 Futago, Judith Abell, Chris Viney	 12.43	 2010	 concrete, steel and resin	 Castray Esplanade	 <Null>	 Battery Point Trail	 http://www.hobartcity.com.au/files/4aa2e287-d70a-4205-a715-9dd800d3c1b9/12.43_083.jpg	 	 -42.88659912440483	 147.337550966097
ID_00069	 Futago, Judith Abell, Chris Viney	 628 nm	 2010	 glass	 Castray Eplanade foreshore	 <Null>	 Battery Point Trail	 http://www.hobartcity.com.au/files/650fe8d5-9af6-49ee-81ae-9dd800d3c2c9/628_030.jpg	 	 -42.88743212320976	 147.3391890390568
ID_00070	 Futago, Judith Abell, Chris Viney	 2000	 2010	 steel, concrete	 Finlay Street foreshore	 steel wrapped around concrete retaining wall	 Battery Point Trail	 http://www.hobartcity.com.au/files/7dc00033-3311-4d82-93c6-9e09010fd0e8/Battery_point_pics_027_(Small).jpg	 	 -42.88901121558774	 147.3379490012138
ID_00071	 Futago, Judith Abell, Chris Viney	 1923	 2010	 Wire mesh, plants	 Clarke Avenue	 wire cage containing topiary plant	 Battery Point Trail	 http://www.hobartcity.com.au/files/e4e0711a-8554-4867-8fc8-9e09010fd340/Battery_point_pics_037_(Small).jpg	 	 -42.89018079910949	 147.3385381406442
ID_00072	 Futago, Judith Abell, Chris Viney	 313	 2010	 <Null>	 Derwent Lane jetty	 	 Battery Point Trail	 http://www.hobartcity.com.au/files/ddff0c92-aa9c-44eb-8caa-9dd800d3c246/313_009.jpg	 	 -42.8923183997485	 147.3373755398925
ID_00073	 Futago, Judith Abell, Chris Viney	 1250	 2010	 <Null>	 Napoleon Street	 	 Battery Point Trail	 http://www.hobartcity.com.au/files/36a4b4f7-dcc1-4b7c-94e6-9dd800d3c1d5/1250_053.jpg	 	 -42.89227563696255	 147.3354824548092
ID_00074	 Futago, Judith Abell, Chris Viney	 24	 2010	 <Null>	 Napoleon Street	 Resin	 Battery Point Trail	 http://www.hobartcity.com.au/files/8feb1c92-1256-4a6e-853c-9e09010fdcc1/Battery_point_pics_072_(Small).jpg	 	 -42.89331214092064	 147.3346862255545
ID_00075	 Futago, Judith Abell, Chris Viney	 1909	 2010	 <Null>	 Marieville esplanade foreshore	 painted steel sculpture	 Battery Point Trail	 http://www.hobartcity.com.au/files/8feb1c92-1256-4a6e-853c-9e09010fdcc1/Battery_point_pics_072_(Small).jpg	 	 -42.89438818219708	 147.3335878421836
ID_00076	 Ari Purhonen	 Beacon	 2013	 Timber, Stainless steel	 Long Beach Sandy Bay	 stainless steel and celery top pine tower	 Art	 http://www.hobartcity.com.au/files/eb4b6d51-670f-4f8d-9235-a23500b50b00/Ari_Purhonen_WEB_039.jpg	 http://www.hobartcity.com.au/files/a0c7b665-9a58-43d9-b81c-a23500b4ee8b/Ari_Purhonen_WEB_015.jpg	 -42.91021762682649	 147.3572424024102
ID_00077	 Justy Phillips	 The yellow line	 2013	 Aluminium, Acrylic, LED lights	 Salamanca Place	 Inground light box	 Urban Art	 http://www.hobartcity.com.au/files/6b2ed319-80c5-4d5b-bc72-a23400e52333/In_the_Wake_of_your_Courage_I_swim.jpg	 	 -42.886061028844	 147.3303051904601
ID_00078	 Justy Phillips	 The yellow line	 2013	 Aluminium, Acrylic, LED lights	 Salamanca Place	 Inground light box	 Urban Art	 http://www.hobartcity.com.au/files/284644c3-4fbb-4c3e-86d0-a23400e50462/Forgive_me_for_not_holding_you_in_my_arms.jpg	 	 -42.8858923757109	 147.330040994905
ID_00079	 Georgie Marshall, Najibeh Jafari	 No Trees No City	 2011	 paint	 Cnr Davey and Harrington Streets	 mural	 Signal Box	 http://www.hobartcity.com.au/files/c56723b6-fca7-4980-9784-9ffa00ec02d8/9101_a.jpg	 http://www.hobartcity.com.au/files/a6d0bfc4-cafd-45a5-9756-9ffa00ec1f0b/9101_b.jpg	 -42.88637147044793	 147.3275504450056
ID_00080	 Rory Lefroy	 Safe with us now	 2011	 paint	 Cnr Davey & Murray St	 mural	 Signal Box	 http://www.hobartcity.com.au/files/268722c2-e08a-48bd-bfec-9f4b00efb916/9103_front.jpg	 http://www.hobartcity.com.au/files/03fb4c05-b4e3-4002-8964-9f4b00efb965/9103_side.jpg	 -42.88436295941175	 147.3295638563851
ID_00081	 Cosmos Inc	 Things we love about Tasmania	 2011	 paint	 Cnr Macquarie & Murray Sts	 mural	 Signal Box	 http://www.hobartcity.com.au/files/61a4979f-f340-4d12-8283-9ffa00ec31a0/9104_a.jpg	 http://www.hobartcity.com.au/files/71251fd8-0a11-48cb-971a-9ffa00ec424a/9104_b.jpg	 -42.88393169217031	 147.3288578992892
ID_00082	 Valentina Marshall, Veronika Beinssen-Henry	 Spotted Handfish	 <Null>	 <Null>	 Cnr Davey and Argyle Sts	 <Null>	 <Null>	 http://www.hobartcity.com.au/files/474e30f0-57c8-4dc6-a843-9ffa00ec5615/9105_a.jpg	 http://www.hobartcity.com.au/files/a436fbf0-81d2-40a8-8847-9ffa00ec66e9/9105_b.jpg	 -42.88251586972793	 147.3319324108624
ID_00083	 Nicole Robson for MADE	 MADE	 2011	 <Null>	 Cnr Macquarie & Argyle Sts	 <Null>	 <Null>	 http://www.hobartcity.com.au/files/0b9ac357-83b9-4a54-813b-9f4b00efb9c3/9106_2.jpg	 http://www.hobartcity.com.au/files/49e6537b-c0d1-45e0-aa58-9f4b00efba1c/9106_detail.jpg	 -42.88204264244135	 147.3313680745744
ID_00084	 The Pigeons of Hobart	 Lucy Hawthorne	 2012	 <Null>	 Cnr Campbell & Macquarie Sts	 <Null>	 <Null>	 http://www.hobartcity.com.au/files/78436bc0-d98e-4b91-a669-a08d00f0c7a5/9107_north-corner_w430_h620_Small.jpg	 http://www.hobartcity.com.au/files/01477fbf-164e-4665-8db7-a08d00f0ea0d/9107_south-side_w430_h620_Small.jpg	 -42.88072666151513	 147.3324478010635
ID_00085	 Crazy Flower Pattern	 Juanita Morris & Marcel Fantini	 2012	 <Null>	 Cnr Campbell & Collins Sts	 <Null>	 <Null>	 http://www.hobartcity.com.au/files/8951a6d5-1a74-442b-81a0-a0b001009cc4/9108_2Small.jpg	 http://www.hobartcity.com.au/files/3d80ca80-4bf6-4bde-bfb3-a0b001008229/9108_1_Small.jpg	 -42.88010566686118	 147.3316359532766
ID_00086	 Hands on Tasmania	 Hands on English class, Tasmanian Polytechnic	 2012	 <Null>	 Cnr Argyle & Liverpool Sts	 <Null>	 <Null>	 http://www.hobartcity.com.au/files/5db37860-285d-4fc9-80fc-a08d00f0fddd/9109_front_Small.jpg	 http://www.hobartcity.com.au/files/910ae2d1-7b0b-4c54-898a-a08d00f1118c/9109_side_1_Small.jpg	 -42.8801740065739	 147.3283030901578
ID_00087	 Holiday Time	 Oakdale Services	 2011	 <Null>	 Holiday Time	 <Null>	 <Null>	 http://www.hobartcity.com.au/files/ae182903-ea16-4076-ba4c-9f4b00efba83/9110_front.jpg	 http://www.hobartcity.com.au/files/952ca042-3e5b-413e-a519-9f4b00efbadc/9110_side.jpg	 -42.88106497576714	 147.3299596807074
ID_00088	 From darkness we all can find the light	 Create Foundation and Reclink	 2011	 <Null>	 Cnr Macquarie and Elizabeth Sts	 <Null>	 <Null>	 http://www.hobartcity.com.au/files/5e8506fb-12b9-408e-b4aa-9f4b00efbb35/9111_2.jpg	 http://www.hobartcity.com.au/files/69108ba5-ea69-4025-aa00-9f4b00efbb98/91111.jpg	 -42.88282688918648	 147.3299787902823
ID_00089	 Desma Pacitto	 TasCare Society for Children	 2011	 <Null>	 Cnr Murray & Collins	 <Null>	 <Null>	 http://www.hobartcity.com.au/files/306ed138-956c-4059-9078-9f4b00efbbf5/9112_1.jpg	 http://www.hobartcity.com.au/files/7eca1ff8-be28-4e26-b9dc-9f4b00efbc4e/9112_2.jpg	 -42.88199637365013	 147.3288957932892
ID_00090	 Reclink - Phillip McKay, Headway	 Such is Life	 2011	 <Null>	 Cnr Liverpool & Murray Sts	 <Null>	 <Null>	 http://www.hobartcity.com.au/files/a6c0e3e9-88d7-49e4-bde3-9ffa00ec78a7/9113_a.jpg	 http://www.hobartcity.com.au/files/bcfcca85-030a-47ae-b8fb-9ffa00ec8d29/9113_b.jpg	 -42.88257046346956	 147.3255162030298
ID_00091	 Risdon Prisoners with assistance from RecLink	 At What Cost?	 2011	 <Null>	 Cnr Elizabeth & LIverpool Sts	 <Null>	 <Null>	 http://www.hobartcity.com.au/files/5ba528ce-b64b-4605-80bb-9f4b00efbcb1/9114_1.jpg	 http://www.hobartcity.com.au/files/1ce05306-d382-44db-acd5-9f4b00efbd0f/9114_2.jpg	 -42.88126675829872	 147.3269330962386
ID_00092	 Sam Fenton	 Courage	 2012	 <Null>	 Cnr Elizabeth & Collins Sts	 <Null>	 <Null>	 http://www.hobartcity.com.au/files/92a3d13a-4ef7-433d-b747-a0b00100aeac/9115_2_Small.jpg	 http://www.hobartcity.com.au/files/7a0d3592-bb35-4c77-81de-a0b00100c3a3/9115_5_Small.jpg	 -42.88207941858523	 147.3291285627857
ID_00093	 Epilepsy Tasmania	 Out of the	 2012	 <Null>	 Cnr Harrington & Liverpool Sts	 <Null>	 <Null>	 http://www.hobartcity.com.au/files/9f999e6b-1f71-4ce9-a4bd-a0b00100ed89/9118_2Small.jpg	 http://www.hobartcity.com.au/files/82af077c-7c56-4131-8ec6-a0b00100d740/9118_1_Small.jpg	 -42.8841304526127	 147.3241790450382
ID_00094	 Malou Zuidema	 Forests of the Sea	 2012	 <Null>	 Cnr Bathurst & Murray Sts	 <Null>	 <Null>	 http://www.hobartcity.com.au/files/06b37255-a453-4eff-ae15-a08d00f12134/9119-oceans-of-the-sea-front-malou-zuidema_w430_h620_Small.jpg	 http://www.hobartcity.com.au/files/59f91ffd-ff87-4125-91e6-a08d00f132e8/9119-oceans-of-the-sea-side-2-malou-zuidema_w430_h620_Small.jpg	 -42.8819844362505	 147.3242660774709
ID_00095	 Menzie Family	 The many layers of Bathurst Street	 2011	 <Null>	 Cnr Elizabeth & Bathurst Sts	 <Null>	 <Null>	 http://www.hobartcity.com.au/files/40c16cac-8778-48f2-9949-9ffa00ec9c08/9121_a.jpg	 http://www.hobartcity.com.au/files/eb2d63c6-1d7a-419c-b173-9ffa00ecbbd1/9121_b.jpg	 -42.88082135063647	 147.325835038753
ID_00096	 Sharnie Everett and Palawa Aboriginal Group	 Island & Ocean	 2012	 <Null>	 Elizabeth St at Pedestrian Crossing	 <Null>	 <Null>	 http://www.hobartcity.com.au/files/23f439ff-7748-4aa0-8919-a08d00f1bf39/9123_palawa-front-1_w430_h620_Small.jpg	 http://www.hobartcity.com.au/files/acb7ef55-c2cd-49c4-af44-a08d00f1ceee/9123_palawa-right-side-back_w430_h620_Small.jpg	 -42.87362643008063	 147.3158825202121
ID_00097	 Caroline Amos	 Scotch Thistile Tavern 1828	 2012	 <Null>	 Cnr Barrack & Liverpool Sts	 <Null>	 <Null>	 http://www.hobartcity.com.au/files/8ae3587a-cd14-46ac-94c7-a08d00f1df8a/9129_dsc-2173_w430_h620_Small.jpg	 http://www.hobartcity.com.au/files/34665f06-c063-4933-8e8c-a08d00f1f02a/9129_dsc-2182_w430_h620_Small.jpg	 -42.88572371231743	 147.3224336640918
ID_00098	 Tasmanian eSchool	 Flicks	 2012	 <Null>	 Cnr Collins & Harrington Sts	 <Null>	 <Null>	 http://www.hobartcity.com.au/files/52eb38ff-77d2-4b1d-9959-a0b001010272/9131_2_Small.jpg	 http://www.hobartcity.com.au/files/a125faf2-2aa8-4377-9525-a0b0010119ae/9131_4_Small.jpg	 -42.88490453981891	 147.3252559336992
ID_00099	 Aspire	 Aspired	 2011	 <Null>	 Cnr Elizabeth & Melville Sts	 <Null>	 <Null>	 http://www.hobartcity.com.au/files/f30948ec-1a7d-4923-9da0-9f4b00efbd68/9134_1.jpg	 http://www.hobartcity.com.au/files/9089a973-9491-4b47-8418-9f4b00efbdc5/9134_2.jpg	 -42.88025218205794	 147.3244917632264
ID_00100	 Steffi Koppelmann	 Untitled	 2012	 <Null>	 Cnr Elizabeth & Warwick Sts	 <Null>	 <Null>	 http://www.hobartcity.com.au/files/796472d1-4fb9-4206-bef4-a0b001012e2c/9136_Small.jpg	 http://www.hobartcity.com.au/files/e9e6da3b-d172-4154-afdb-a0b0010f3b69/9136_2Small.jpg	 -42.87784150629451	 147.3190664947627
ID_00101	 Friends School Kindergarten	 Peace	 2012	 <Null>	 Cnr Elizabeth & Burnett Sts	 <Null>	 <Null>	 http://www.hobartcity.com.au/files/b2af3a3f-4cab-4274-a74e-a0b001014770/9137_2_Small.jpg	 http://www.hobartcity.com.au/files/416862dc-3043-4054-8e89-a0b0011097c5/9137_1_Small.jpg	 -42.87448353703269	 147.3171412871065
ID_00102	 Geordie Duncan	 Totem Sun-Whale Eye	 2011	 <Null>	 Cnr Elizabeth & Federal St	 <Null>	 <Null>	 http://www.hobartcity.com.au/files/b2465b05-9ec6-425d-a4d2-9f4b00efbe23/9138_1.jpg	 http://www.hobartcity.com.au/files/72158b3b-3358-40f0-b972-9f4b00efbe81/9138_2.jpg	 -42.871978022115	 147.3145497262581
ID_00103	 St Michael's Collegiate, Louise Bloomfield	 Catching your eye	 2012	 <Null>	 Cnr Macquarie & Molle Sts	 <Null>	 <Null>	 http://www.hobartcity.com.au/files/52e47c65-0a49-496a-b558-a08d00f20851/9140_collegiate-angle2_w430_h620_Small.jpg	 http://www.hobartcity.com.au/files/535245a0-5cf5-42be-ab83-a08d00f21be8/9140_collegiate-side-angle_w430_h620_Small.jpg	 -42.8884339103588	 147.3226191198606
ID_00104	 Leigh & Julian Oates	 Beneath	 2011	 <Null>	 Cnr Elizabeth & Davey Sts	 <Null>	 <Null>	 http://www.hobartcity.com.au/files/4df14eca-5a24-4028-aa23-9f4b00efbede/9148_1.jpg	 http://www.hobartcity.com.au/files/abcdeaa3-e0cd-4f2d-9f57-9f4b00efbf41/9148_2.jpg	 -42.88321300018543	 147.3315919345008
ID_00105	 Tom O'Hern	 Stump	 2012	 <Null>	 Cnr Brisbane & Harrington Sts	 <Null>	 <Null>	 http://www.hobartcity.com.au/files/1cc5e9c5-4654-4a97-88dd-a0b0010158b9/9149_Small.jpg	 http://www.hobartcity.com.au/files/e0bc1907-65b8-4963-b05b-a0b0010f6a73/9149_2Small.jpg	 -42.88168686742252	 147.3207044199662
ID_00106	 Hannah Cardamatis	 Hannah's	 2012	 <Null>	 Cnr Brisbane & Elizabeth Sts	 <Null>	 <Null>	 http://www.hobartcity.com.au/files/aff28380-475e-4645-a39e-a08d00f2507f/9151_dsc07234_w430_h620_Small.jpg	 http://www.hobartcity.com.au/files/ddd4ae48-32b1-4867-8b75-a08d00f23acc/9151_dsc07233_w430_h620_Small.jpg	 -42.87968220346027	 147.32330348452
ID_00107	 The Hutchins School Kindergarten, Kate Turner	 Childhood Wishes	 2012	 <Null>	 Cnr Sandy Bay & Gladstone Rds	 <Null>	 <Null>	 http://www.hobartcity.com.au/files/58880437-527b-4927-ab48-a08d00f2626c/9168_dscn5250_w430_h620_Small.jpg	 http://www.hobartcity.com.au/files/149f33ba-3888-4287-96ef-a08d00f27344/9168_dscn5252_w430_h620_Small.jpg	 -42.88803881594107	 147.3299559800902
ID_00108	 Community Rehabilitation Unit Art Group, Julie Oh	 Live	 2012	 <Null>	 Cnr Barrack & Davey Sts	 <Null>	 <Null>	 http://www.hobartcity.com.au/files/8efb1e18-3628-4582-af34-a08d00f2a4a2/9175_view_3_Small.bmp	 http://www.hobartcity.com.au/files/8b402a76-86f8-40b3-98a7-a08d00f28641/9175_view_2_Small.bmp	 -42.88760820853123	 147.3254882302099
ID_00109	 Oak Tasmania, Aedan Howlett and RecLink	 Moving On	 2010	 <Null>	 Cnr Morrison and Murray Sts	 <Null>	 <Null>	 http://www.hobartcity.com.au/files/3e72b702-498a-4a00-8d1c-9f4b00efbf9f/9177_1.jpg	 http://www.hobartcity.com.au/files/5dc6246b-7b13-4bc1-8a5e-9f4b00efc001/9177_2.jpg	 -42.88518814833068	 147.3311617502565
ID_00110	 Students of Hilliard Christian School	 Summer Fun in Hobart	 2011	 <Null>	 Cnr Elizabeth & Morrison Sts	 <Null>	 <Null>	 http://www.hobartcity.com.au/files/d24670a9-1782-4e64-b36e-9f4b00efc063/9179_1.jpg	 http://www.hobartcity.com.au/files/2cf6c176-a07b-4421-9dcc-9f4b00efc0c1/9179_2.jpg	 -42.88344676229424	 147.3322753110601
ID_00111	 iriXx	 Mandala	 2012	 <Null>	 Cnr Davey St & Southern Outlet	 <Null>	 <Null>	 http://www.hobartcity.com.au/files/29f07b1a-62d6-4480-8578-a0b001016976/9194_Small.bmp	 http://www.hobartcity.com.au/files/22fa48b7-783d-45dd-a03b-a0b0010f7cb0/9194_2Small.bmp	 -42.89300586606251	 147.3185260871967
ID_00112	 Community Friends & Networks Program (South),	 Community Friends	 2011	 <Null>	 Murray St (outside Hudson's Coffee)	 <Null>	 <Null>	 http://www.hobartcity.com.au/files/f59f49ae-1c36-4c4f-b0d4-9f4b00efc11f/9408_1.jpg	 http://www.hobartcity.com.au/files/f7a1cab0-df80-4ad5-9a04-9f4b00efc186/9408_2.jpg	 -42.88320747598108	 147.3267526198493
ID_00113	 Wendy Fitch	 The Creature	 2012	 <Null>	 Cnr Macquarie St & Southern Outlet	 <Null>	 <Null>	 http://www.hobartcity.com.au/files/8ab77622-f75a-4618-bc38-a08d00f2b8fe/9413_p1020213-1-1_w430_h620_Small.jpg	 http://www.hobartcity.com.au/files/cdaefa02-16ab-4472-bfe3-a08d00f2ccfd/9413_p1020215-1-1_w430_h620_Small.jpg	 -42.89233572099871	 147.3173309647146
ID_00114	 Hayley Francis	 The Brisbane Stack	 2012	 <Null>	 Cnr Brisbane & Campbell Sts	 <Null>	 <Null>	 http://www.hobartcity.com.au/files/40c68cc2-fcd5-46a2-9142-a08d00f3103e/9415_img-1660_w430_h620_Small.jpg	 http://www.hobartcity.com.au/files/8e5a9c2e-8604-4a52-ac1f-a08d00f31e8b/9415_img-1662-2_w430_h620_Small.jpg	 -42.8769713739641	 147.3266295864027
ID_00115	 Argyle St near the Royal Hobart Hospital	 Forever Young	 2011	 <Null>	 Argyle St near the Royal Hobart Hospital	 <Null>	 <Null>	 http://www.hobartcity.com.au/files/d47ac1ca-24fc-42c3-9362-9ffa00ecc9b7/9429_a_.jpg	 http://www.hobartcity.com.au/files/97703256-0f5e-422a-914a-9ffa00ecda4e/9429_b.jpg	 -42.88092933469534	 147.3293723919606
ID_00116	 Campbell St Primary School	 Our School in our Community	 2012	 <Null>	 Cnr Campbell & Warwick Sts	 <Null>	 <Null>	 http://www.hobartcity.com.au/files/9e6647c9-900f-48eb-ac54-a0b001017ea5/9437_Small.jpg	 http://www.hobartcity.com.au/files/09225db9-6533-4c7d-a3e0-a0b0010f8d89/9437_2Small.jpg	 -42.87440269923783	 147.3234250690377
ID_00117	 Guilford Young College.	 Sense of Place	 2012	 <Null>	 Cnr Harrington & Melville Sts	 <Null>	 <Null>	 http://www.hobartcity.com.au/files/1911dc10-a518-4e88-9c51-a0b00101941b/9466_Small.jpg	 http://www.hobartcity.com.au/files/37eb4fea-fe36-4c2e-a610-a0b300a6cda2/9466_3_Small.jpg	 -42.88231167785222	 147.321932443038
ID_00118	 Patrick Hall, Lynda Warner & Chirs Viney	 Beaumaris Zoo gate	 2002	 steel, tiles, images	 Carriage Drive, Queens Domain	 <Null>	 Public Art	 http://hccapps.hobartcity.com.au/gis/PublicArt/image39.jpeg	 	 -42.87059157293668	 147.333000778231
ID_00119	 Stephen Walker	 Antipodean Voyage	 1972	 houn pine, steel	 Royal Tasmania Botanical Gardens	 Huion pine fountain sculpture	 <Null>	 http://hccapps.hobartcity.com.au/gis/PublicArt/Antipodean Voyage.jpg	 	 -42.86511702003725	 147.3334799964881
ID_00120	 Ronald Sinclair	 Long Beach bathing pavillion	 1962	 concrete	 Bathing Pavillion, Long Beach Sandy Bay	 Bas-relief	 Public Art	 http://hccapps.hobartcity.com.au/gis/PublicArt/image43.jpeg	 	 -42.91381700886378	 147.357278279414
ID_00121	 Audrey Hutchinson	 Tree Sculpture	 1986	 	 McRobies Gully Recycling centre	 Sculpture	 <Null>	 http://hccapps.hobartcity.com.au/gis/PublicArt/image70.jpeg	 	 -42.89064777084187	 147.2907815910176
ID_00122	 Aquila Night	 Recycled Gate	 1985	 steel	 McRobies Gully Recycling centre	 Sculpture	 <Null>	 http://hccapps.hobartcity.com.au/gis/PublicArt/image71.jpeg	 	 -42.89066344639913	 147.2907475078366
ID_00123	 Robert Morris-Nunn	 Pipe sculpture	 1993	 	 Waterworks reserve	 	 <Null>	 http://hccapps.hobartcity.com.au/gis/PublicArt/image72.jpeg	 	 -42.90769916324635	 147.2926811259526
ID_00124	 Tom Samek, Bevan Reeves	 Play equipment	 1997	 Timber, paint	 Wellington Court	 Wooden play equipment and sculpted shapes	 Public Art	 http://hccapps.hobartcity.com.au/gis/PublicArt/image15.jpeg	 	 -42.88134056292964	 147.3285195460969
ID_00125	 Julie Stoneman, Richard Bladel	 Youth Arts Project, Bidencopes Lane	 1998	 Aluminium bands bearing text on walls	 Bidencopes Lane	 <Null>	 Public Art	 http://hccapps.hobartcity.com.au/gis/PublicArt/image24.jpeg	 	 -42.88224783810149	 147.3244518406399
ID_00126	 Unknown	 Art pavers	 1998	 Pavers	 Collins Street	 Art pavers	 Public Art	 http://hccapps.hobartcity.com.au/gis/PublicArt/image25.jpeg	 	 -42.87919042177004	 147.3327839285177
ID_00127	 Julie Hawkins	 The More Things Change …	 2002	 metal	 Victoria Walk	 Metal interpretive signs	 Public Art	 http://hccapps.hobartcity.com.au/gis/PublicArt/image26.jpeg	 	 -42.88394307333212	 147.3254118028119
ID_00128	 Julie Hawkins	 The More Things Change …	 2002	 metal	 Victoria Walk	 Metal interpretive signs	 Public Art	 http://hccapps.hobartcity.com.au/gis/PublicArt/image26.jpeg	 	 -42.88397015261556	 147.3254411057007
ID_00129	 Julie Hawkins	 Welcome to Victoria Walk	 2002	 aluminium	 Victoria walk	 Interpretive sign	 Public Art	 http://hccapps.hobartcity.com.au/gis/PublicArt/image27.jpeg	 	 -42.8841069375395	 147.325601232779
ID_00130	 Vlase Nikoleski	 Endeavour plaque	 1970	 Bronze	 Hobart Town Hall, Maquarie st	 Bronze representation of Cook's ship, Endeavour	 <Null>	 http://hccapps.hobartcity.com.au/gis/PublicArt/image28.jpeg	 	 -42.8825108984952	 147.3308171184132
ID_00131	 Leonard Jennings	 Edward VII Peacemaker	 1921	 Bronze	 Franklin Square	 Statue of a Edward VII	 Public Art	 http://hccapps.hobartcity.com.au/gis/PublicArt/image29.jpeg	 	 -42.88313046358675	 147.3299713807799
ID_00132	 M Racci	 Dr William Lodewyk Crowther	 1889	 Bronze	 Franklin Square	 Bronze statue of William Crowther	 Public Art	 http://hccapps.hobartcity.com.au/gis/PublicArt/image30.jpeg	 	 -42.88360598878336	 147.3303880849341
ID_00133	 Unknown	 John Franklin fountain	 1864	 Bronze	 Franklin Square	 Bronze statue and fountain	 Public Art	 http://hccapps.hobartcity.com.au/gis/PublicArt/image31.jpeg	 http://hccapps.hobartcity.com.au/gis/PublicArt/image32.jpeg	 -42.88335217448925	 147.3302354689147
ID_00134	 Bernard Walker, Elizabeth Conlon	 Hobart Cenotaph	 1925	 Stone, Bronze	 Regatta Grounds	 Granite obelisk, bluestone base	 Memorial	 http://hccapps.hobartcity.com.au/gis/PublicArt/image37.jpeg	 	 -42.87782018668677	 147.3365474659353
ID_00135	 Benjamin Sheppard	 Boer War memorial	 1905	 Bronze, stone	 Queens Domain	 Bronze statue of Boer War soldier	 Memorial	 http://hccapps.hobartcity.com.au/gis/PublicArt/image36.jpeg	 	 -42.87613317907686	 147.3335005520371
ID_00136	 Lorraine and Bob Jennings	 Monument to the Canadian convicts	 1995	 Stone, glass	 Princes Park	 <Null>	 Memorial	 http://hccapps.hobartcity.com.au/gis/PublicArt/image42.jpeg	 	 -42.88776142837354	 147.337636187552
ID_00137	 Bruce Pringle	 Gate	 1990	 Wrought iron	 North Hobart Cultural Park	 Curly wrought iron gate	 Public Art	 http://hccapps.hobartcity.com.au/gis/PublicArt/image53.jpeg	 	 -42.87694447176342	 147.3164712679249
ID_00138	 Linda Warner, Juile Stoneman, Chris Viney	 Migration Wall	 2001	 Paint	 North Hobart Memorial Park	 Mural	 Public Art	 http://hccapps.hobartcity.com.au/gis/PublicArt/image54.jpeg	 	 -42.87708895605385	 147.3169390561209
ID_00139	 Unknown	 Poem Monument	 1993	 Stone	 Stoke Street Reserve	 Granite block with the text	 Memorial	 http://hccapps.hobartcity.com.au/gis/PublicArt/image55.jpeg	 	 -42.86428880694362	 147.3109924474019
ID_00140	 Greg Duncan	 Penny-farthing sculpture	 1997	 Steel	 Girrabong Rd and Lennah Valley Road.	 Red-painted welded iron sculpture	 Urban Art	 http://hccapps.hobartcity.com.au/gis/PublicArt/image55.jpeg	 	 -42.86338900586171	 147.2821818883572
ID_00141	 Julie Stoneman	 Totem Pole	 <Null>	 Timber, paint	 Risely Court Playground, Lenah Valley	 Totem Pole	 <Null>	 http://hccapps.hobartcity.com.au/gis/PublicArt/image57.jpeg	 	 -42.85774624765327	 147.2761645614533
ID_00142	 Julie Stoneman	 Totem Pole	 <Null>	 Timber, paint	 Kalang avenue Playground.	 Celery top pine totem pole	 <Null>	 http://hccapps.hobartcity.com.au/gis/PublicArt/image58.jpeg	 	 -42.86011290026107	 147.2825943836745
ID_00143	 Juile Stoneman, various	 BBQ pit mural	 1995	 Concrete, steel, tiles	 Train Park West Hobart	 Mural	 Public Art	 http://hccapps.hobartcity.com.au/gis/PublicArt/image67.jpeg	 	 -42.88209528999936	 147.3131547330428
ID_00144	 Julie Stoneman	 Interpretive Sculpture	 2003	 Steel	 Hobart Rivulet linear park near McFarlane Street	 Steel girders with informative plates	 <Null>	 http://hccapps.hobartcity.com.au/gis/PublicArt/image68.jpeg	 	 -42.89437273400512	 147.3043632168407
ID_00145	 Unknown	 Mural	 1982	 Paint	 Anglesea Street	 Painted Mural	 Public Art	 http://hccapps.hobartcity.com.au/gis/PublicArt/image69.jpeg	 	 -42.89539678175014	 147.3095604403816
ID_00146	 Ken Betlehelm	 Dazza	 2010	 Aluminium	 TMAG, 40 Macquarie Street	 Lazer cut aluminium, human silhouette	 Bike Rack	 http://hccapps.hobartcity.com.au/gis/PublicArt/IMG_0074.jpg	 	 -42.88172884553641	 147.3317801852531
ID_00147	 <Null>	 Queen Elizabeth 50th Anniversary	 1954	 Granite, Bronze	 Hunter Street	 Memorial	 Memorial	 http://hccapps.hobartcity.com.au/gis/PublicArt/IMG_0076.JPG	 	 -42.88174206681939	 147.3355411122033
ID_00148	 Sue Small, Wendy Edwards and Simon Pankhurst	 People and their imprints	 2014	 Steel, Ceramic tiles, concrete	 New Town Rivulet Linear Park	 <Null>	 Flora, Fauna and Foray	 http://www.hobartcity.com.au/files/81e9b273-d4e8-4068-ae66-a3fb00a55e65/Foray_1_-_People_and_their_imprints_-_Image_by_Jonathan_Wherrett_web.jpg	 	 -42.86490775287734	 147.2806904048244
ID_00149	 Sue Small, Wendy Edwards and Simon Pankhurst	 Threatened fauna	 2014	 Steel, Ceramic tiles, concrete	 New Town Rivulet Linear Park	 <Null>	 Flora, Fauna and Foray	 http://www.hobartcity.com.au/files/3ac4d1f1-efd9-419d-a037-a3fb00a576b1/Foray_2_-_Threatened_Fauna_-_Image_by_Jonathan_Wherrett_web.jpg	 	 -42.8652199328339	 147.2777378312531
ID_00150	 Sue Small, Wendy Edwards and Simon Pankhurst	 Flora	 2014	 Steel, Ceramic tiles, concrete	 New Town Rivulet Linear Park	 Local plant species	 Flora, Fauna and Foray	 http://www.hobartcity.com.au/files/da3014da-81b2-4b16-9323-a3fb00a4f9c7/Flora_-_Image_by_Jonathan_Wherrett_web.jpg	 http://www.hobartcity.com.au/files/fcd4d6be-5c18-4680-8a43-a3fb00a54846/Flora_detail_-_Image_by_Jonathan_Wherrett_web.jpg	 -42.86561550714906	 147.2757443552269
ID_00151	 Sue Small, Wendy Edwards and Simon Pankhurst	 Fauna	 2014	 Steel, Ceramic tiles, concrete	 New Town Rivulet Linear Park	 Rivulet life	 Flora, Fauna and Foray	 http://www.hobartcity.com.au/files/8492b4ab-bf27-4f88-bf31-a3fb00a4c2e5/Fauna_-_Image_by_Jonathan_Wherrett_web.jpg	 	 -42.86680110384278	 147.2701524599592
ID_00152	 Sue Small, Wendy Edwards and Simon Pankhurst	 Geology	 2014	 Steel, Ceramic tiles, concrete	 New Town Rivulet Linear Park	 <Null>	 Flora, Fauna and Foray	 http://www.hobartcity.com.au/files/cee4e281-ccde-448c-a90b-a3fb00a58cff/Foray_3_-_Geology_detail_-_Image_by_Jonathan_Wherrett_web.jpg	 	 -42.86742470153721	 147.2684060451063
ID_00153	 Sue Small, Wendy Edwards and Simon Pankhurst	 River fauna	 2014	 Steel, Ceramic tiles, concrete	 New Town Rivulet Linear Park	 <Null>	 Flora, Fauna and Foray	 http://www.hobartcity.com.au/files/eceaf9d4-0c6d-49b8-8826-a3fb00a5a36d/Foray_4_-_River_Fauna_-_Image_by_Jonathan_Wherrett_web.jpg	 	 -42.87057696153998	 147.2653358873318
ID_00154	 Sue Small, Wendy Edwards and Simon Pankhurst	 Vegetation	 2014	 Steel, Ceramic tiles, concrete	 New Town Rivulet Linear Park	 <Null>	 Flora, Fauna and Foray	 http://www.hobartcity.com.au/files/f5ccfed5-d39e-4d41-899e-a3fb00a5bbab/Foray_5_-_Vegetation_-_Image_by_Jonathan_Wherrett_web.jpg	 	 -42.87454151591638	 147.2570597281183
